name=AG_2";
V_nTotalBlocks=38;
M_nFamilyBLocks=19;
N_nProducts=19;
K_nShelves=7;
M_setFamilyBlocks={1 2 3 4 5 6 7 8 9 10 11 12 13 14 15 16 17 18 19};
N_setProducts={20 21 22 23 24 25 26 27 28 29 30 31 32 33 34 35 36 37 38};
u_maxFacings=[14 3 3 3 3 3 5 3 3 3 3 4 6 3 3 3 7 3 3 ];
p_profit=[5.22777 3.0639 5.46667 3.85557 3.8639 2.07777 2.25557 1.7111 1.35833 1.90833 7.1611 2.2139 2.81943 0.327767 0.2611 2.43333 3.32223 2.0389 0.4212];
a_productWidth=[7.5 19 22 22 22 20 19 7.5 13.5 19 9.7 19 21 19.4 19.5 14.5 17.5 30 19.2];
b_productHeight=[10.8 13 11 11 11 15 13 7.5 7.4 14 14.5 33 27 27.5 25.5 23.7 26.5 18 22.5];
l_minFacings=[1 1 1 1 1 1 1 1 1 1 1 1 1 1 1 1 1 1 1];
w_shelfWidth=[133 133 133 133 133 133 133];
h_shelfHeight=[38 38 35.5 33 25.5 28 35];
gamma_shelfAttractiveness=[10.1045 10.3203 10.9202 11.611 12.1059 12.275 12.2265];
v_tolerance=0;
SV_hasVerticalDirection=[0 0 0 0 0 0 0 0 0 0 0 0 0 0 0 0 0 0 0];
SH_hasHorizontalDirection=[0 1 1 1 1 1 1 1 1 1 1 1 1 1 1 1 1 1 1];
Vu_Nu_setsFamilyGrouping=[<1,{2 3},{20 21 22 23 24 25 26 27 28 29 30 31 32 33 34 35 36 37 38}><2,{4 5},{20 21 22 23 24 25 26 27 28 29 30}>,<3,{6 7 8 9 10 11},{31 32 33 34 35 36 37 38}>,<4,{12 13},{20 25 29 30}>,<5,{14 15},{21 22 23 24 26 27 28}>,<6,{31 35},{31 35}>,<7,{36 37},{36 37}>,<8,{32},{32}>,<9,{33},{33}>,<10,{38},{38}>,<11,{34},{34}>,<12,{16 17},{20 25 29}>,<13,{30},{30}>,<14,{18 19},{21 26 27 28}>,<15,{22 23 24},{22 23 24}>,<16,{20},{20}>,<17,{25 29},{25 29}>,<18,{21 26 27},{21 26 27}>,<19,{28},{28}>,];
